start:
  position:
    x: 0.2812708474792735
    y: 0.015866641499653555
    z: 0.5067983826986011
  orientation:
    x: 0.9221074296047133
    y: -0.3848559266585112
    z: -0.03656765450596658
    w: 0.01632821568756966

cable_following:
  position:
    x: 0.4345418086138289
    y: -0.038844062176808546
    z: 0.21587708382573387
  orientation:
    x: -0.6486396361908536
    y: 0.28907434384733277
    z: 0.28889633414020294
    w: 0.642060397635443
